[{'type': 'title', 'bbox': [400, 254, 870, 392], 'img': array([[[252, 252, 252],
        [252, 252, 252],
        [254, 254, 254],
        ...,
        [252, 252, 252],
        [253, 253, 253],
        [254, 254, 254]],

       [[254, 254, 254],
        [254, 254, 254],
        [254, 254, 254],
        ...,
        [252, 252, 252],
        [254, 254, 254],
        [254, 254, 254]],

       [[255, 255, 255],
        [254, 254, 254],
        [254, 254, 254],
        ...,
        [253, 253, 253],
        [254, 254, 254],
        [254, 254, 254]],

       ...,

       [[255, 253, 255],
        [255, 253, 255],
        [255, 253, 255],
        ...,
        [255, 255, 255],
        [255, 255, 255],
        [255, 255, 255]],

       [[255, 253, 255],
        [255, 253, 255],
        [255, 253, 255],
        ...,
        [255, 255, 255],
        [255, 255, 255],
        [255, 255, 255]],

       [[255, 253, 255],
        [255, 253, 255],
        [255, 253, 255],
        ...,
        [255, 255, 255],
        [255, 255, 255],
        [255, 255, 255]]], dtype=uint8), 'res': [{'text': '中华人民共和国', 'confidence': 0.8604944944381714, 'text_region': [482.0, 251.0, 788.0, 297.0]}, {'text': '广东省珠海市中级人民法院', 'confidence': 0.9513019919395447, 'text_region': [406.0, 297.0, 863.0, 342.0]}, {'text': '传票', 'confidence': 0.9891175031661987, 'text_region': [542.0, 325.0, 726.0, 400.0]}], 'img_idx': 0, 'layout': 'double', 'page_index': 0}, {'type': 'table', 'bbox': [266, 413, 1038, 897], 'img': array([[[250, 250, 250],
        [252, 252, 252],
        [254, 254, 254],
        ...,
        [255, 254, 255],
        [254, 253, 255],
        [254, 253, 255]],

       [[253, 253, 253],
        [254, 254, 254],
        [254, 254, 254],
        ...,
        [255, 254, 255],
        [255, 254, 255],
        [255, 254, 255]],

       [[255, 255, 255],
        [254, 254, 254],
        [253, 253, 253],
        ...,
        [255, 254, 255],
        [255, 254, 255],
        [254, 253, 255]],

       ...,

       [[255, 255, 255],
        [255, 255, 255],
        [255, 255, 255],
        ...,
        [253, 252, 252],
        [254, 253, 253],
        [255, 254, 254]],

       [[255, 255, 255],
        [255, 255, 255],
        [255, 255, 255],
        ...,
        [252, 252, 252],
        [254, 254, 254],
        [255, 255, 255]],

       [[255, 255, 255],
        [255, 255, 255],
        [255, 255, 255],
        ...,
        [253, 253, 253],
        [255, 255, 255],
        [255, 255, 255]]], dtype=uint8), 'res': {'html': '<html><body><table><thead><tr><td>案 福 号 </td><td>（2021）粤04民终3436号</td></tr></thead><tbody><tr><td>案 家 由</td><td>买卖合同纠纷</td></tr><tr><td>被传唤人</td><td>珠海格力精密模具有限公司</td></tr><tr><td>传唤事由</td><td>法庭调查</td></tr><tr><td>应到时间</td><td>2021年11月2日15时0分</td></tr><tr><td>应到处所</td><td>四楼十七审判庭/小</td></tr></tbody></table></body></html>'}, 'img_idx': 0, 'layout': 'single', 'page_index': 0}, {'type': 'text', 'bbox': [275, 909, 435, 1220], 'img': array([[[156, 150, 151],
        [113, 105, 106],
        [239, 236, 237],
        ...,
        [255, 255, 255],
        [255, 255, 255],
        [254, 254, 254]],

       [[163, 157, 158],
        [118, 110, 111],
        [240, 236, 237],
        ...,
        [254, 254, 254],
        [254, 254, 254],
        [255, 255, 255]],

       [[166, 160, 161],
        [116, 108, 109],
        [238, 236, 237],
        ...,
        [255, 255, 255],
        [255, 255, 255],
        [255, 255, 255]],

       ...,

       [[ 97,  91,  92],
        [237, 233, 234],
        [255, 255, 255],
        ...,
        [254, 252, 252],
        [255, 253, 253],
        [255, 253, 253]],

       [[ 98,  92,  93],
        [241, 238, 239],
        [255, 255, 255],
        ...,
        [254, 253, 253],
        [254, 252, 252],
        [254, 253, 253]],

       [[ 95,  89,  90],
        [243, 240, 241],
        [255, 255, 255],
        ...,
        [255, 254, 254],
        [254, 252, 252],
        [254, 252, 252]]], dtype=uint8), 'res': [{'text': '审判员：徐烽娟', 'confidence': 0.9910513758659363, 'text_region': [279.0, 1186.0, 431.0, 1223.0]}], 'img_idx': 0, 'layout': 'double', 'page_index': 0}, {'type': 'text', 'bbox': [272, 910, 836, 1219], 'img': array([[[253, 255, 255],
        [254, 255, 255],
        [254, 254, 254],
        ...,
        [253, 253, 253],
        [253, 253, 253],
        [251, 251, 251]],

       [[252, 254, 254],
        [253, 254, 254],
        [254, 254, 254],
        ...,
        [255, 255, 255],
        [255, 255, 255],
        [253, 253, 253]],

       [[252, 254, 254],
        [253, 254, 254],
        [254, 254, 254],
        ...,
        [252, 252, 252],
        [252, 252, 252],
        [252, 252, 252]],

       ...,

       [[255, 253, 255],
        [252, 248, 250],
        [164, 157, 160],
        ...,
        [253, 249, 249],
        [251, 247, 251],
        [249, 246, 253]],

       [[255, 253, 254],
        [252, 247, 250],
        [160, 153, 156],
        ...,
        [253, 250, 243],
        [254, 253, 246],
        [252, 254, 251]],

       [[253, 251, 252],
        [250, 246, 248],
        [157, 150, 153],
        ...,
        [254, 248, 252],
        [247, 243, 250],
        [230, 228, 243]]], dtype=uint8), 'res': [{'text': '注意事项：', 'confidence': 0.8732771873474121, 'text_region': [283.0, 911.0, 378.0, 939.0]}, {'text': '1、被传唤人必须准时到达应到处所。', 'confidence': 0.9275333881378174, 'text_region': [341.0, 945.0, 670.0, 972.0]}, {'text': '2、本票由传唤人携带来院报道。', 'confidence': 0.9870922565460205, 'text_region': [343.0, 983.0, 627.0, 1005.0]}, {'text': '3、被传唤人收到传票后，应在送达回证上签名或盖章。', 'confidence': 0.9947417378425598, 'text_region': [339.0, 1016.0, 833.0, 1043.0]}, {'text': '备考', 'confidence': 0.9987854957580566, 'text_region': [299.0, 1049.0, 351.0, 1079.0]}, {'text': '审判长：马翠平', 'confidence': 0.9962487816810608, 'text_region': [279.0, 1117.0, 431.0, 1152.0]}], 'img_idx': 0, 'layout': 'double', 'page_index': 0}, {'type': 'text', 'bbox': [273, 1051, 427, 1216], 'img': array([[[238, 235, 236],
        [ 85,  79,  80],
        [122, 116, 117],
        ...,
        [253, 253, 253],
        [253, 253, 253],
        [254, 254, 254]],

       [[238, 236, 237],
        [ 87,  81,  82],
        [126, 120, 121],
        ...,
        [254, 254, 254],
        [254, 254, 254],
        [255, 255, 255]],

       [[240, 237, 238],
        [ 88,  83,  84],
        [126, 120, 121],
        ...,
        [254, 254, 254],
        [255, 255, 255],
        [255, 255, 255]],

       ...,

       [[247, 241, 244],
        [164, 157, 160],
        [100,  94,  95],
        ...,
        [238, 236, 236],
        [251, 249, 249],
        [252, 250, 250]],

       [[250, 244, 247],
        [169, 162, 165],
        [ 98,  91,  93],
        ...,
        [248, 246, 246],
        [251, 249, 249],
        [252, 251, 251]],

       [[251, 246, 248],
        [168, 161, 164],
        [100,  94,  95],
        ...,
        [251, 250, 250],
        [254, 253, 253],
        [255, 254, 254]]], dtype=uint8), 'res': [{'text': '合议庭成员', 'confidence': 0.9971898794174194, 'text_region': [281.0, 1084.0, 387.0, 1115.0]}, {'text': '审判员：孙永红', 'confidence': 0.9973683953285217, 'text_region': [283.0, 1157.0, 427.0, 1183.0]}], 'img_idx': 0, 'layout': 'double', 'page_index': 0}, {'type': 'reference', 'bbox': [722, 1106, 1037, 1334], 'img': array([[[255, 255, 255],
        [255, 255, 255],
        [254, 254, 254],
        ...,
        [255, 255, 255],
        [255, 255, 255],
        [255, 255, 255]],

       [[255, 255, 255],
        [254, 254, 254],
        [253, 253, 253],
        ...,
        [255, 255, 255],
        [255, 255, 255],
        [255, 255, 255]],

       [[255, 255, 255],
        [253, 253, 253],
        [253, 253, 253],
        ...,
        [255, 255, 255],
        [255, 255, 255],
        [255, 255, 255]],

       ...,

       [[135, 129, 130],
        [111, 105, 106],
        [ 72,  66,  66],
        ...,
        [255, 255, 255],
        [255, 255, 255],
        [255, 255, 255]],

       [[118, 111, 112],
        [117, 110, 111],
        [ 36,  28,  29],
        ...,
        [255, 255, 255],
        [255, 255, 255],
        [255, 255, 255]],

       [[249, 246, 247],
        [214, 208, 209],
        [ 77,  69,  69],
        ...,
        [255, 255, 255],
        [255, 255, 255],
        [255, 255, 255]]], dtype=uint8), 'res': [{'text': '官刻员', 'confidence': 0.2875556945800781, 'text_region': [783.0, 1226.0, 853.0, 1259.0]}, {'text': '6397', 'confidence': 0.7762459516525269, 'text_region': [968.0, 1228.0, 1021.0, 1256.0]}, {'text': '书记员黄飞', 'confidence': 0.9919847249984741, 'text_region': [740.0, 1262.0, 866.0, 1289.0]}, {'text': '6627.', 'confidence': 0.7660756707191467, 'text_region': [955.0, 1262.0, 1014.0, 1290.0]}, {'text': '三2三一年「月十四日', 'confidence': 0.6164313554763794, 'text_region': [808.0, 1290.0, 1016.0, 1322.0]}], 'img_idx': 0, 'layout': 'double', 'page_index': 0}, {'type': 'text', 'bbox': [272, 1329, 1013, 1419], 'img': array([[[254, 255, 251],
        [255, 254, 250],
        [253, 252, 248],
        ...,
        [254, 254, 254],
        [253, 253, 253],
        [253, 253, 253]],

       [[253, 254, 250],
        [255, 254, 250],
        [254, 252, 250],
        ...,
        [253, 253, 253],
        [253, 253, 253],
        [253, 253, 253]],

       [[252, 253, 249],
        [254, 253, 249],
        [254, 252, 251],
        ...,
        [253, 253, 253],
        [252, 252, 252],
        [252, 252, 252]],

       ...,

       [[254, 254, 254],
        [250, 250, 250],
        [248, 248, 248],
        ...,
        [253, 253, 253],
        [254, 254, 254],
        [254, 254, 254]],

       [[254, 254, 254],
        [252, 252, 252],
        [250, 250, 250],
        ...,
        [253, 253, 254],
        [253, 253, 254],
        [254, 254, 254]],

       [[253, 253, 253],
        [253, 253, 253],
        [253, 253, 253],
        ...,
        [252, 251, 253],
        [252, 251, 253],
        [254, 253, 255]]], dtype=uint8), 'res': [{'text': '请将起诉状/上诉状/申请书/答辩状/证据清单/举证质证意见等材料电于版发送至我', 'confidence': 0.9650294780731201, 'text_region': [274.0, 1323.0, 1001.0, 1353.0]}, {'text': '庭电子邮箱：zhcourt-m2t@163.com', 'confidence': 0.9175093173980713, 'text_region': [273.0, 1358.0, 596.0, 1389.0]}, {'text': '本院地址：珠海市香洲区梅华西路168号', 'confidence': 0.9790377616882324, 'text_region': [273.0, 1393.0, 642.0, 1422.0]}, {'text': '本联送达被传唤人', 'confidence': 0.9641484022140503, 'text_region': [807.0, 1396.0, 971.0, 1422.0]}], 'img_idx': 0, 'layout': 'double', 'page_index': 0}]